

Please enter your student number: 



USE THE MESH METHOD
x = V(R_3)


R4=103.56599237
phi=0.542835678074
R1=987.811248265
R2=9866.10010637
R3=10376.8009315
fx=985.637571234
X=-51.0481897484
k=102.846354536
V_C=4.92183076974
A_I=0.956744593878
